0 0
0.010101 0.00982858
0.020202 0.0194594
0.030303 0.0288182
0.040404 0.03782
0.0505051 0.0463733
0.0606061 0.0543862
0.0707071 0.0617739
0.0808081 0.0684658
0.0909091 0.074412
0.10101 0.0795882
0.111111 0.0839974
0.121212 0.087669
0.131313 0.0906556
0.141414 0.0930271
0.151515 0.0948644
0.161616 0.0962529
0.171717 0.0972759
0.181818 0.0980109
0.191919 0.0985256
0.20202 0.0988771
0.212121 0.099111
0.222222 0.0992628
0.232323 0.0993588
0.242424 0.0994181
0.252525 0.0994538
0.262626 0.0994747
0.272727 0.0994868
0.282828 0.0994935
0.292929 0.0994972
0.30303 0.0994991
0.313131 0.0995001
0.323232 0.0995007
0.333333 0.0995009
0.343434 0.0995011
0.353535 0.0995011
0.363636 0.0995011
0.373737 0.0995012
0.383838 0.0995012
0.393939 0.0995012
0.40404 0.0995012
0.414141 0.0995012
0.424242 0.0995012
0.434343 0.0995012
0.444444 0.0995012
0.454545 0.0995012
0.464646 0.0995012
0.474747 0.0995012
0.484848 0.0995012
0.494949 0.0995012
0.505051 0.0995012
0.515152 0.0995012
0.525253 0.0995012
0.535354 0.0995012
0.545455 0.0995012
0.555556 0.0995012
0.565657 0.0995012
0.575758 0.0995012
0.585859 0.0995012
0.59596 0.0995012
0.606061 0.0995012
0.616162 0.0995012
0.626263 0.0995012
0.636364 0.0995012
0.646465 0.0995012
0.656566 0.0995012
0.666667 0.0995012
0.676768 0.0995012
0.686869 0.0995012
0.69697 0.0995012
0.707071 0.0995012
0.717172 0.0995012
0.727273 0.0995012
0.737374 0.0995012
0.747475 0.0995012
0.757576 0.0995012
0.767677 0.0995012
0.777778 0.0995012
0.787879 0.0995012
0.79798 0.0995012
0.808081 0.0995012
0.818182 0.0995012
0.828283 0.0995012
0.838384 0.0995011
0.848485 0.099501
0.858586 0.0995008
0.868687 0.0995002
0.878788 0.0994984
0.888889 0.099494
0.89899 0.0994827
0.909091 0.0994543
0.919192 0.0993847
0.929293 0.0992166
0.939394 0.0988172
0.949495 0.0978822
0.959596 0.095723
0.969697 0.0907983
0.979798 0.0796913
0.989899 0.0548902
1 0
