0 0
0.010101 0.0100808
0.020202 0.0201514
0.030303 0.0302118
0.040404 0.0402621
0.0505051 0.0503023
0.0606061 0.0603324
0.0707071 0.0703523
0.0808081 0.0803622
0.0909091 0.0903619
0.10101 0.100352
0.111111 0.110331
0.121212 0.120301
0.131313 0.13026
0.141414 0.14021
0.151515 0.150149
0.161616 0.160079
0.171717 0.169998
0.181818 0.179907
0.191919 0.189807
0.20202 0.199696
0.212121 0.209576
0.222222 0.219445
0.232323 0.229305
0.242424 0.239154
0.252525 0.248994
0.262626 0.258824
0.272727 0.268644
0.282828 0.278454
0.292929 0.288254
0.30303 0.298044
0.313131 0.307824
0.323232 0.317595
0.333333 0.327355
0.343434 0.337106
0.353535 0.346847
0.363636 0.356578
0.373737 0.366299
0.383838 0.376011
0.393939 0.385713
0.40404 0.395404
0.414141 0.405087
0.424242 0.414759
0.434343 0.424422
0.444444 0.434075
0.454545 0.443718
0.464646 0.453351
0.474747 0.462975
0.484848 0.472589
0.494949 0.482193
0.505051 0.491788
0.515152 0.501373
0.525253 0.510948
0.535354 0.520514
0.545455 0.53007
0.555556 0.539617
0.565657 0.549153
0.575758 0.558681
0.585859 0.568198
0.59596 0.577706
0.606061 0.587204
0.616162 0.596693
0.626263 0.606173
0.636364 0.615642
0.646465 0.625102
0.656566 0.634553
0.666667 0.643994
0.676768 0.653425
0.686869 0.662848
0.69697 0.67226
0.707071 0.681663
0.717172 0.691056
0.727273 0.70044
0.737374 0.709815
0.747475 0.71918
0.757576 0.728536
0.767677 0.737882
0.777778 0.747218
0.787879 0.756545
0.79798 0.765862
0.808081 0.77517
0.818182 0.784467
0.828283 0.793752
0.838384 0.803025
0.848485 0.812282
0.858586 0.821516
0.868687 0.830713
0.878788 0.839846
0.888889 0.848859
0.89899 0.857642
0.909091 0.86597
0.919192 0.873394
0.929293 0.879008
0.939394 0.880989
0.949495 0.875671
0.959596 0.855676
0.969697 0.806159
0.979798 0.697249
0.989899 0.468843
1 0
